0.0753541381118316
0.0426167612532799
0.056125000778394
0.00741442272363802
0.00961273040230679
0.0105629261899846
0.154332060164401
0.0217658499465722
0.00615015745371738
0.00568904030126089
0.0195786547061129
0.0206827876678692
0.00164946550566924
0.0126386094359759
0.0195373465320032
0.00599518602418487
0.0217027917386288
0.00586981575612699
0.00550050380853829
0.0198241512806343
0.00803043356013331
0.00738666557753374
0.0130963642501488
0.00896323792159066
0.0132854592634957
0.00639632449229473
0.0431862531997671
0.0446093035975117
0.00682898827461288
0.00632615681821484
0.0139434005498263
0.00864324370140712
0.00788252740950223
0.00719935424506817
0.0289628707905395
0.0218343798857843
0.00741050514986393
0.00507116485841768
0.00692030762109954
0.00141014901158047
0.00897102435717792
0.0122882361838851
0.033044663449885
0.0174002727173084
0.0231120611249111
0.0123508124938813
0.0679158829022212
0.0217503811741214
0.0176525590814766
0.00992982753699993
0.00414090483923131
0.00707754360257281
0.0462821854783395
0.0134123045459672
0.00898331903847991
0.00945411043165718
0.0110227991321918
0.0116491370171397
0.0310641412515018
0.0299340114637592
0.0298314973533786
0.00755543074642496
0.0467597466210804
0.00384955532707565
0.0138126007521802
0.00898335920374173
0.0196181817177311
0.018127512063768
0.0189487845175747
0.00797698859154983
0.0200886556099578
0.109786075857842
0.0244853926406863
0.00258170047810867
0.0281445270534284
0.0166188780574033
0.0147524748758841
0.0135455115931867
0.0109520694371791
0.0270447457366813
0.0248053695628345
0.018184970945147
0.0258224833682501
0.0330162516947037
0.0129759156427568
0.00354864193744312
0.00873925022324567
0.00869316284830843
0.00867826380858105
0.0383269243954167
0.0940271338164035
0.0439260119453533
0.0494024456572275
0.0634400665482797
0.00711340002159807
0.0134668872774582
0.0063521850302444
0.00990267181270314
0.0078187585063331
0.0243858352404839
