0.0360413124891027
0.056584455857925
0.0620155583596894
0.00755772312610813
0.0359576793828115
0.0323177976490315
0.0439239338709208
0.0252263753769587
0.0173303945215483
0.0130935164036846
0.0173151995277204
0.0168347397527205
0.00429537243896284
0.0148290230154283
0.0398027008593012
0.0115436829562985
0.0291867830582186
0.0121129038737788
0.0128189497066303
0.0113819090112415
0.00128403814231648
0.0208200542116673
0.00890015874464972
0.00702470753669431
0.0081251536974906
0.00578853708055652
0.0403100958472196
0.0246252260040854
0.00930652312040862
0.00188081196121278
0.0116346575233985
0.00991602959681352
0.0100587601740002
0.0107155685835917
0.0406683261315265
0.00688704755368893
0.00497412799057916
0.00242187574434883
0.0146635295557797
0.00153136830228777
0.00785505129695403
0.00906111384218394
0.0375717843220196
0.0235133604544831
0.0200095271351179
0.0142842370351775
0.0573002477580296
0.00884249317536853
0.0212087060953591
0.00906908254941952
0.00293684722070502
0.0112705748741452
0.0718685531274884
0.0124532045841118
0.011026108512583
0.00968443020454363
0.0144967477940919
0.0119069797162199
0.014990582440544
0.0222552166568794
0.0395955659773536
0.0143532975861193
0.0489705674622821
0.00213830050444356
0.0165281351406637
0.0175570093823293
0.0365671962015794
0.0285978948928221
0.0108442656924474
0.00858156832113866
0.0222804588813849
0.223671311943353
0.0200252682364457
0.00426413819138046
0.0229078613024556
0.0165116885371788
0.013831064301206
0.00843457655037429
0.00818377663551964
0.0483260437793844
0.045360965557273
0.0242619642968782
0.0447788476934092
0.0281260861293981
0.0168313036807051
0.00532646254358938
0.0162632906189219
0.0182298922969761
0.0181455184935996
0.0181408273978892
0.116980148770041
0.0630125628056991
0.0202917694092122
0.0311370292886787
0.0103231841902497
0.0129752175009037
0.00846117373529206
0.00685469540502956
0.00400304097239476
0.0255384829479994
