0.47699670070576 0.224676173705872 0.527857988480682 0.723111002262543 0.447614478165923 0.513386084679843 0.514721384358704 0.645285590752864
0.340767486085252 0.0822878728526983 0.482582967764301 0.704055456641907 0.311708191728749 0.542945620262304 0.419625702213709 0.543270118645762
0.224652568338967 0.0739138440777174 0.499259354551246 0.680931410479521 0.156088539228384 0.615827080724042 0.328528111555782 0.440707380107994
0.545424303998263 0.138666769977244 0.411222782760845 0.690287867161284 0.623806683328524 0.282174566211152 0.605302450273209 0.701640717622471
0.457412749697985 0.158382201046171 0.459843835446244 0.692505908431445 0.490296639877004 0.404913819419047 0.530964308355291 0.634526468479786
0.450845248713251 0.126597382464892 0.46200902534244 0.714741926136887 0.500662858875682 0.40905211938488 0.528428695691405 0.641281219171736
0.384589026619157 0.214974244185786 0.520629537133772 0.562672928155889 0.301350821892274 0.516839726770639 0.424236696767564 0.527691091311941
0.499741936136128 0.183652435972542 0.502873135578606 0.709950147607229 0.511861718699979 0.368368672118325 0.603152326767451 0.720203721595532
0.503132132102592 0.143968349937065 0.407437023806342 0.663912508118476 0.484621225451041 0.379490898580808 0.548157553619979 0.63715081973215
0.51398902508704 0.162853698347903 0.441344334684659 0.682231441169496 0.530957725721265 0.351449259566789 0.580480937776406 0.6834722119787
0.500473752022783 0.17211477177766 0.466620331902164 0.70143482340253 0.498139037557446 0.389877010713597 0.573899318063386 0.675381919979162
0.560769783225027 0.192173037313119 0.45445091941425 0.690204913369978 0.584674122323215 0.313340612381564 0.625758178655037 0.73777781174881
0.543290316538709 0.173611612924489 0.44123546568072 0.691753046256729 0.582322603082764 0.318604214365771 0.607850437011991 0.711244934197551
0.474351985680354 0.164438828876388 0.431791919809701 0.644701118151087 0.459369886179554 0.427730712803609 0.506021277655731 0.614629889107815
0.39112315816697 0.180575384205778 0.466445357223132 0.639021210187426 0.352772527237134 0.477054418631791 0.45988145607288 0.542389146899782
0.494697741770132 0.174210822736847 0.442557509233718 0.6606713807301 0.479338462857273 0.398999265172348 0.545686114840452 0.647553389551465
0.480398595431584 0.144864517110628 0.48944553656419 0.719576695256253 0.477728080949745 0.443972869868319 0.541571142986517 0.674745587941167
0.557161898464604 0.135317953274375 0.369998414751067 0.643904287864243 0.551497588259732 0.292505462224765 0.596216959686301 0.682028416714835
0.518236959560557 0.125851758472495 0.411961403228976 0.689919627433485 0.565247112846567 0.338247095025218 0.570366578475779 0.672835354783891
0.619709510793147 0.129540067711897 0.399842296580083 0.725788156310889 0.697875007661127 0.186282207221563 0.692208933975291 0.755737419991933
0.59562562951825 0.112455919306766 0.399256945724936 0.720392542531938 0.663027677422495 0.216461297160184 0.670715080072008 0.744698196711665
0.492740453216624 0.143119461284131 0.424601339118699 0.686308232848627 0.482129989716738 0.38975158253488 0.551819961361445 0.637330709492982
0.542474818012825 0.174251965512486 0.456767586021449 0.687109320323889 0.5159421064731 0.36540450261855 0.603487273911126 0.713539911439708
0.556219814836509 0.156893932888796 0.426598005563095 0.674902141297935 0.540306952714678 0.334921237942515 0.607365005044065 0.714946628732867
0.557142511495638 0.16279118942252 0.438479292058028 0.691390170414856 0.51614411967721 0.357244822379896 0.612440073915639 0.712184164902424
0.59818610680635 0.162275776544743 0.423218670496023 0.711444020156991 0.608157569595181 0.266976164291002 0.666703614844187 0.747978073647248
0.52510089980085 0.183505943779495 0.504206570947512 0.739279786236059 0.536324809651341 0.392509576830023 0.598887448228016 0.726329803454563
0.562588613902127 0.127209650546856 0.429447467431913 0.683503044008035 0.732087062258022 0.143896011016818 0.670790508931026 0.790259870626537
0.604025674068598 0.134113829969121 0.419996778764385 0.724879784776876 0.652979281572695 0.218171300443161 0.687950578847179 0.770563489726698
0.571786346704471 0.127683859621711 0.418928982259649 0.722546423828746 0.651733195999968 0.259952685520605 0.640302694416467 0.73085795748202
0.504033079579528 0.15740249415416 0.435413338572241 0.668339301352623 0.496333761161509 0.387497976846136 0.553855763665445 0.661437853972038
0.510043980530589 0.172438980301948 0.430252499687424 0.651756918012786 0.460792969559567 0.395751614594887 0.556220967261418 0.649052713592083
0.562673943116789 0.135019969912478 0.373940930736124 0.636125340409707 0.542039098755094 0.286646965590786 0.605295993681484 0.698256321236157
0.525245147148351 0.150153849228001 0.408803559218299 0.647891888414572 0.499784241487133 0.34882530114537 0.573189505426792 0.671378104722442
0.518850379289007 0.0716422341391232 0.481523046624343 0.795482841352957 0.612594381154269 0.331431391160869 0.619599622438157 0.723500850542882
0.548733727032826 0.19047742588678 0.435886360764719 0.648751911604947 0.464616728523619 0.370091845347134 0.602111727100575 0.6860523911523
0.582916731026318 0.149692789179535 0.422239480765606 0.71587770832444 0.640534559716655 0.261882136380937 0.649049673370928 0.733265528120913
0.58483595276189 0.114281582616996 0.40372828318903 0.709236162122763 0.63360461939769 0.234108567321252 0.661124476751341 0.747590939403261
0.507216204019018 0.146418743576003 0.426096752962983 0.681710501287822 0.5090903546156 0.355365185844308 0.573685576986872 0.663810491101454
0.581485974406909 0.166722857886226 0.416300396645289 0.68492926930847 0.596768080729708 0.28889219495248 0.634251364224531 0.729705734051456
0.620283438339883 0.126850115505927 0.3990689383937 0.723849497564057 0.687685589559222 0.188051087708198 0.695379780609816 0.763433430087652
0.588806316616088 0.140746822044479 0.44315424237007 0.739599760399511 0.661084422861203 0.241448644034482 0.672541305540587 0.763123595976318
0.649750810265867 0.111630060740648 0.377620187935847 0.718311635601994 0.719852462354881 0.103962815864269 0.742798453006935 0.784236460349781
0.544208426143909 0.146411440640596 0.459002484433392 0.735438151676541 0.573738312494269 0.361803658134336 0.600356120787769 0.718924795066732
0.63089818221427 0.135460024959602 0.396977422993181 0.727068502312115 0.70333580602192 0.183792251634155 0.697972428551427 0.764933016808756
0.597027302638088 0.135457163866417 0.438379623303337 0.7342711746451 0.654652615294234 0.218062857801814 0.692904319456267 0.781530452216902
0.515612132128249 0.172216971465788 0.500973025357796 0.717736209287529 0.673633179965583 0.288680339269968 0.600966237946618 0.76126195774766
0.566158427740178 0.167499949208514 0.428897129131611 0.676941321199677 0.479255480099077 0.353493420381709 0.62759024344076 0.709746094956192
0.508177074194501 0.162340685916474 0.411368729650705 0.643598687758689 0.433530177111204 0.392126174442635 0.555326494827164 0.63358325068663
0.49659255739867 0.138233116157715 0.437890670618655 0.679173699418818 0.457390099035774 0.390112444846828 0.563650263957242 0.661706143925253
0.562520112538239 0.130132860605472 0.399305399567489 0.677299402374918 0.574813851582998 0.292365282540174 0.616009585088976 0.712864817408664
0.614940917058319 0.166820577962909 0.394413584220753 0.689361088738927 0.577790072115255 0.276433902740996 0.663931083411362 0.728882947627728
0.437126848098517 0.129478363084043 0.506277356656906 0.773803017376485 0.532379381023374 0.412760934333791 0.547338436020726 0.628209671462553
0.570447373340911 0.155252770207045 0.431216085492131 0.701413188048199 0.54965181912647 0.33684871881313 0.622617265021045 0.725372935948591
0.588564245017823 0.105672954482311 0.352006558031042 0.684889673662388 0.660400183442296 0.235324757242689 0.625952210162971 0.699470163583576
0.559136517265912 0.161544881922768 0.421619332219006 0.682643468773088 0.568209617698975 0.341781716926263 0.593996351913359 0.70623659980836
0.651900632256564 0.141616628047682 0.371213186147133 0.711430250741631 0.673563364285144 0.180285819659794 0.711100163902798 0.759372866666411
0.637057962257591 0.144747358830171 0.387056347629663 0.715029490042599 0.690772581159692 0.185512233705053 0.6986009894551 0.761031876787061
0.602118100186416 0.119625866024002 0.422084247105339 0.745412991984395 0.712488690998788 0.208317259680427 0.674462177780998 0.758971291463782
0.609229591206388 0.130507874308984 0.428927063683302 0.75003184510751 0.695040677235693 0.21428275756977 0.68528127811196 0.766839802450023
0.64600233115989 0.156701456051915 0.400435057653315 0.729487680945758 0.700324794597128 0.180614944106223 0.710872383791695 0.771089604718528
0.647243652452656 0.17183751865965 0.378736634436058 0.692852856010634 0.650838322770355 0.214668979433263 0.692514951765645 0.75231122726243
0.46253667488099 0.0345621006699081 0.510640346630612 0.809205916935617 0.52624812234235 0.381085109893586 0.601380304180212 0.706319110725374
0.606573326971854 0.145331295853894 0.378429481156309 0.683023842576259 0.655608137007573 0.228740050315487 0.652577540170692 0.732251168395209
0.621825043753163 0.14849009614243 0.360013333814032 0.660490477510654 0.623977269686345 0.229576073270136 0.656746930706761 0.726434373157999
0.631426411317524 0.180957276441658 0.358968383161458 0.645792838247428 0.621955276229251 0.247481557104282 0.648297099878085 0.71969233062449
0.613282454967284 0.210753697272826 0.373004800277597 0.633370552395232 0.589638816359869 0.297174412435021 0.616571572936269 0.692040976003103
0.627706380117956 0.177037340713325 0.347282655982415 0.634931069466453 0.61826986368703 0.239625921131122 0.642897507027821 0.70703448109139
0.593681520969141 0.151917348565344 0.390346580209503 0.664342760884368 0.498367618752885 0.32181453747888 0.638273842665211 0.711507847263054
0.580570844346823 0.183261438575767 0.41304466849642 0.687405466502374 0.635422473906048 0.285954704396935 0.620752425776178 0.713755235328798
0.597543712426097 0.204315196604311 0.398944996792205 0.653361806148717 0.645289682221766 0.269930834352288 0.621484516912151 0.720140770267669
0.0785746970940494 0.187534897386073 0.728395923566952 0.83029458145082 0.280296126224742 0.686595839035834 0.252744533993456 0.353077176552601
0.60867230351186 0.167759093882987 0.384736081917665 0.683030461366131 0.692222424863491 0.234039285529001 0.637769365169517 0.722117703494542
0.594871785012682 0.167672646476806 0.398649996419695 0.678381324593568 0.571138856646397 0.297072076517763 0.638697947625786 0.718512551444486
0.611479572023639 0.136836982372882 0.36143930015887 0.680670576805742 0.704015981727706 0.206502892332849 0.643970782845339 0.713459924231875
0.542372904400535 0.153815425867197 0.390396934672839 0.634176405947496 0.480654005917398 0.348363092447981 0.57925940090509 0.664504720769992
0.56759044806023 0.155766582896041 0.39757953860003 0.670932250994912 0.522663255389208 0.329103179876744 0.61363485688585 0.690279660070171
0.565962539562471 0.159831083416398 0.397060072144805 0.660901747937933 0.473278241818417 0.362638217593921 0.602896457967848 0.676441088384216
0.618567118632206 0.122816797309122 0.344301334072679 0.671243395146793 0.663316743689462 0.203082510449166 0.655983668968362 0.719761344177217
0.63513762888337 0.216025968630609 0.357763156184486 0.609098775341765 0.612246539752199 0.252986517848217 0.636280638843287 0.710087633388097
0.625059030780202 0.203577145967364 0.350338058192833 0.612659232972355 0.62578352051608 0.250446859048979 0.624545756294347 0.699655159884948
0.419089828617459 0.167261122154127 0.553280759591741 0.735742209498116 0.424496728301772 0.489347928153765 0.520122296372828 0.653628458119203
0.640547197188942 0.199552357074617 0.348223320066521 0.599342394812867 0.632797934266632 0.214806098828461 0.649691708181615 0.727943588685078
0.591820458031599 0.210207182128409 0.390018736800198 0.624173392937638 0.574488081257298 0.272523114115758 0.627797126784576 0.70231245462799
0.601697288524733 0.155008859821702 0.362812675286793 0.643275689669539 0.631055057103884 0.227839679515004 0.638211954452021 0.717775241545845
0.573747563183835 0.12299170299625 0.401468205841342 0.7072321456967 0.565384788462142 0.309069108506194 0.628605990146922 0.709748411536414
0.523229021153002 0.10282500829761 0.468479831810098 0.76560862955192 0.515366078559083 0.373842097263684 0.617749555265836 0.713367489915465
0.591262593055555 0.0736438785260313 0.407512995103664 0.762672206520667 0.587097758906182 0.264190284506258 0.682807879837181 0.737724881086017
0.547696924348948 0.119246895528109 0.459807368433121 0.747471725903995 0.516481444684626 0.35108995467627 0.637935175165433 0.732090313960543
0.590788735665563 0.168401633955636 0.394485170614573 0.65572469536264 0.43493380781415 0.355543596320021 0.636095275424931 0.691084834427875
0.0982046842610484 0.202257150963701 0.711963428585275 0.736273763540187 0.11126369580054 0.65781818898001 0.305371359567012 0.354642173401643
0.534062220920741 0.100462518199155 0.317870205207334 0.621586261052471 0.484042597617652 0.297586553876344 0.563649221056002 0.619070739655576
0.593427010885707 0.126092483684994 0.389459194396483 0.708242637395911 0.7206748693069 0.229208536559206 0.629769576760213 0.714559674987434
0.565765667277732 0.138657904573524 0.400258991497526 0.706779995209071 0.695327263434313 0.282399394109449 0.591363498849696 0.687379108190788
0.555985636927645 0.168478105329564 0.41512833377391 0.681426142278319 0.501277667751702 0.350846920466642 0.610056829802527 0.681054293348677
0.585258670519516 0.18019449084881 0.413666573996117 0.680177976622965 0.599374594995198 0.291207253990014 0.632847381103963 0.721538891514794
0.548636964974821 0.146472137464868 0.401714730103154 0.670499378769379 0.504849029126053 0.341812408088527 0.598791426780641 0.679970552680794
0.558856897866984 0.13012588780348 0.405587575942966 0.696977496504225 0.525083848899559 0.32155856189283 0.622853664141659 0.701134559159157
0.570820369959492 0.154202906617571 0.419946498905503 0.699879836853414 0.512277302086861 0.352346324747996 0.622920856820471 0.705620246560691
0.627446615997029 0.216586564765442 0.382147838021734 0.63878739968326 0.580330869358396 0.275123641652499 0.650802658470549 0.7168965940532
