0.143238183742484 0.565054391608472 0.562038908427405 0.34520461570972 0.457735682745284 0.55727170518914 0.570253856783741 0.803859291784555
0.164525956741322 0.778246086057116 0.517986410324991 0.457169716447309 0.363891970664035 0.601870902364631 0.663718262742876 0.748652565916328
0.161799630650846 0.824081260571291 0.465379355166458 0.46976783288177 0.334829723061196 0.608980223549116 0.638682620454331 0.775965687557479
0.0871245658430484 0.310998990607664 0.792956997533917 0.406413399314778 0.575346998346066 0.615415833348903 0.567038768312679 0.534423554365297
0.0769418497449872 0.275906342302478 0.791470245864556 0.379527503264163 0.580877338026386 0.634490276364808 0.514638969822001 0.565506412788926
0.077970290428602 0.304768334929424 0.768335754245634 0.389254025739548 0.571251124712994 0.634740515258851 0.529769902038626 0.583087188875844
0.17287209565131 0.754260123409937 0.522885559612666 0.378045659986107 0.375428338196422 0.520669806417222 0.494310735460915 0.842112352788755
0.120063531391231 0.475777326726184 0.855174111048759 0.450894341945109 0.513988027380964 0.630094491953293 0.565361768502047 0.573435171513391
0.109939339752172 0.385969769600713 0.738989146542777 0.4081629903808 0.551860108704569 0.624408360426132 0.550818135586118 0.580294623099721
0.103814255628936 0.381697348110521 0.783400640384796 0.403999350500041 0.544643252295944 0.621165427926455 0.56467217808603 0.5791032209949
0.111839645471318 0.44217045108187 0.751244480683088 0.397484175742537 0.507418282418064 0.625094349698114 0.611134743691381 0.619528570548756
0.114719805123074 0.442709201793678 0.74953278081861 0.379551956390837 0.507046023786722 0.587115497278473 0.595216939852913 0.641900157355868
0.103293542600003 0.384090709275257 0.787867379660737 0.410252201730191 0.546235704270033 0.611940695650426 0.577413007824537 0.57381210301377
0.103770746059737 0.3752852862308 0.680697102464057 0.386384948457868 0.555995855069462 0.591112601803131 0.496506190206366 0.627560852182847
0.102020984490583 0.343119697213014 0.779628500903014 0.419121887325756 0.577744766304997 0.634223270748175 0.46064574040177 0.55494845819161
0.117487334479621 0.412217514366952 0.757716474531709 0.424662141869526 0.553084078717477 0.611254167194749 0.514932752447073 0.585775334872932
0.150137296732765 0.642455982889158 0.622311302235687 0.4304928694206 0.443208304145349 0.584141326430862 0.613731429950001 0.731837139903825
0.12335908391462 0.420304071306256 0.76719362317613 0.433394348974878 0.548967363397049 0.613390959210036 0.558772292386969 0.544432652417712
0.0903725500717653 0.326095956948322 0.748468473855406 0.396973740794089 0.571484604369188 0.615256304447151 0.543225423670439 0.571921943726833
0.10361241629637 0.457083125194571 0.77464656721991 0.417616303880904 0.500748234123961 0.602276329628593 0.682617508652066 0.582941663983732
0.109510398295068 0.453954667598676 0.787549285331819 0.439088378173487 0.520099676364126 0.612063219681524 0.644234321697096 0.56309220139932
0.105980296363844 0.375224577633098 0.765999127392371 0.421234533986182 0.560831719167624 0.637118827430351 0.547546338080301 0.564337457503218
0.150986555658619 0.57862152001996 0.744778429799347 0.45419699354193 0.491421826725588 0.593648133577205 0.562190114634642 0.64401903581804
0.149271543090255 0.549850633482386 0.744953324214646 0.459035631971573 0.513223396874885 0.586365911132638 0.539635367154351 0.620145006416614
0.156286033568972 0.599214298145029 0.727578523331567 0.45427343995722 0.48100228758654 0.600067250597164 0.58889083678188 0.649198463968314
0.137109875292249 0.564037489319221 0.754935363859776 0.451874862807939 0.479587558047918 0.600828598532983 0.650595709637146 0.60800788403092
0.130126025001889 0.540951672901119 0.697334069274864 0.388632378910914 0.462786643705056 0.596869321160074 0.632989258170701 0.702274726435983
0.0964330641118332 0.388830352927754 0.913483620763988 0.469835981307516 0.54200604066805 0.567317620532331 0.560527901041199 0.441608361845029
0.128731249956657 0.522840763618126 0.806608196380069 0.4625178503866 0.506575876440518 0.599587736833553 0.618137629191764 0.580300628783744
0.0905773603214421 0.349595955495498 0.791388964409675 0.405914156475421 0.55885549826654 0.614590972022358 0.594094424836938 0.568191572721566
0.123802006902978 0.429210207497111 0.763867945772858 0.449270308751048 0.563017080900422 0.603597728198077 0.48179571250855 0.572753735583577
0.135791437528425 0.483190622211582 0.743702068583556 0.436027234558387 0.527339649341138 0.612161089748401 0.540916760220505 0.604262522675168
0.144312114451777 0.502821539686629 0.773805235280658 0.460287552360517 0.528041011440383 0.60455319575348 0.551116095807265 0.556392981651608
0.135475341530325 0.471328449055929 0.770723578862289 0.452261035976465 0.53994789717612 0.610443165488961 0.527901789343586 0.567901589238036
0.099217243739016 0.474076505133837 0.739412763500528 0.413451613132954 0.488769957932665 0.632900689854563 0.688467943344848 0.643005443730606
0.175386677970783 0.656746887779576 0.750008396318326 0.487200325791598 0.470174102421671 0.600709809743188 0.575353757000852 0.625208094666115
0.108614446976356 0.439064949942659 0.78757237216546 0.438067460799701 0.527457850488362 0.615740537087217 0.633597140157748 0.564324018173064
0.12668158599451 0.512506685488513 0.786951702027375 0.464362167996389 0.510364716086696 0.606637838428686 0.621806674542809 0.565413009153311
0.109283190970453 0.399521088157665 0.782032516270452 0.423335386315489 0.544420228144524 0.633692952150988 0.5758319412045 0.560186570613533
0.13002054662397 0.491449868124907 0.747041542386797 0.43407361598632 0.516253353237824 0.588136982514938 0.59183312933866 0.601519785624072
0.117068426415206 0.481925766655463 0.79021332200873 0.444998031331388 0.514843788597521 0.595190110144424 0.637131490100197 0.575368101241845
0.110700638084972 0.452960843240565 0.823696786963991 0.446715364574061 0.527902870609544 0.611551807378418 0.611082065183574 0.573999758475225
0.129253941739293 0.637259423658994 0.807881951912897 0.50920073983582 0.44564816409104 0.588833413046085 0.710913194064894 0.533149598024533
0.131398045249102 0.553821303361734 0.620254316912321 0.403193237042599 0.477293948122519 0.56468308699753 0.624235658874915 0.721110692368052
0.1189421352505 0.454377748381351 0.769087643192583 0.437140465176805 0.540540937474252 0.567878678831172 0.585392633118809 0.5936397620719
0.128651205776457 0.514460898424503 0.858333617448387 0.48003483884156 0.517236381102782 0.605677266093601 0.593177642878242 0.554606608071195
0.0452971611136293 0.259580911834724 0.68080727445933 0.274376795345095 0.522556317492255 0.523714258375166 0.601053620046604 0.702025801166401
0.193969281716891 0.704191357932923 0.796156635278433 0.55290696756024 0.490724517643646 0.598076457264825 0.529773283821649 0.581865969963782
0.14736494074647 0.494035016666508 0.782209899509035 0.480969372916818 0.548604878039347 0.625510770640454 0.509763735628291 0.548870175612778
0.146450920514274 0.551689817487837 0.764204222057344 0.482267659334779 0.511131074779517 0.625599470770323 0.560229365378236 0.586036677241838
0.136496569436679 0.528216351811795 0.737730592268244 0.455548753531569 0.505575789494722 0.598992006638525 0.602515969040756 0.587443011035322
0.163505221748981 0.662012372765417 0.720114906581587 0.487395288690605 0.456465976312958 0.594326107597117 0.659185130646287 0.605176885881192
0.073623556728225 0.325205008301202 0.811825729047155 0.411499782213814 0.550112633298061 0.679904129639007 0.646397329492136 0.557842707934749
0.145778087242479 0.553476252402292 0.720797169682164 0.431247136013374 0.49401043782833 0.59474029675112 0.586532820122313 0.657093447330551
0.0835034252450672 0.278268694621949 0.756987203516855 0.382964272184834 0.587736002178919 0.606858385314733 0.558756422327487 0.545124489460932
0.115559559430464 0.422409596656158 0.686670583115161 0.375500942360379 0.532337594799321 0.576135631360362 0.554271163751683 0.660764773301522
0.138058393318928 0.561944196560827 0.745564520411375 0.445239237530877 0.48094407002503 0.585161845151209 0.665825575854228 0.602070637858733
0.117099209541674 0.467794433621922 0.75690088954322 0.413208085108658 0.509906691775005 0.58280964470424 0.644428818380149 0.603538790012463
0.0865012898218792 0.334491216194215 0.797162041933813 0.395294397005574 0.569894444897293 0.593812587069365 0.57269693666291 0.593930826012535
0.103135032555818 0.406033222756868 0.791664456886815 0.411163974028842 0.545557614087184 0.593212444639847 0.590247502665002 0.612195504658682
0.126095897969937 0.491495173340523 0.74152764916412 0.419194442660514 0.515415594975621 0.557337763867863 0.609525002898215 0.635180204231231
0.141633718461996 0.532224323406678 0.757394089107376 0.450663891767535 0.507439630199403 0.582352003201726 0.619378336348339 0.589565742888954
0.176589881656824 0.795805244199361 0.781964345913264 0.657618501146333 0.464011776948805 0.621351801377009 0.578070744701997 0.54328997496634
0.106936137351391 0.390536691521532 0.758226420612958 0.40304735088449 0.543309107659648 0.591366182679234 0.60254002228352 0.5711363487636
0.147438407618215 0.593379115950398 0.707510861352044 0.46457615223108 0.472372071228663 0.578016946239632 0.657976946326331 0.573554510119087
0.138701979539054 0.485803535255899 0.715496365179138 0.425406207469967 0.519948651461646 0.570729257924739 0.599873394895542 0.583570155825358
0.142672485550875 0.492922771800303 0.69633171339366 0.430230498667946 0.519967832777274 0.574469846520718 0.600749301494738 0.588222127893238
0.135840597422133 0.489902068316345 0.731877770391736 0.439004330322152 0.513101311598176 0.590650203436491 0.634412286161918 0.546003489008514
0.192044706864703 0.702757514561374 0.750921696045635 0.52551978852147 0.478097184297354 0.598001363529031 0.566810262297531 0.606842915248256
0.094650547714388 0.340922075779838 0.749285373611937 0.38342905585388 0.555283420026416 0.596314220719948 0.595876473457385 0.583584997081608
0.105727835753321 0.340682741039975 0.745563726985783 0.392085519710842 0.5693437619002 0.559965830753008 0.538745942757625 0.566350968924768
0.0763215191056574 0.525188922222662 0.662943455967288 0.432944575028306 0.436840393022947 0.665014738037105 0.599607518755415 0.724462964504608
0.0889929766971793 0.294756334291355 0.774252602564145 0.394732931375506 0.583705344857119 0.589927143781463 0.571884088865252 0.540584870635227
0.14685661408065 0.52956943212894 0.757503222676496 0.46510415615426 0.521572372129027 0.597481165246294 0.57576894563072 0.583485994774277
0.0886546334856882 0.279674980823612 0.812006616839199 0.418212520777426 0.599256967311314 0.609016477734173 0.564871941036174 0.489598210271856
0.158017691050719 0.530129880592148 0.772679484603552 0.492797388723755 0.541540408895749 0.606996780870562 0.507557039336997 0.547668516388898
0.156088660630607 0.53415392632465 0.790612725561717 0.505683707440501 0.543633769927548 0.613479258967943 0.531062137480725 0.5368910054878
0.169677237230716 0.611576772599998 0.729884781736637 0.484091936935137 0.497485396971218 0.609648267330181 0.571719189128499 0.610767511150414
0.112960622541409 0.416659171075203 0.751433190607127 0.424228552883284 0.53748608781913 0.59719346705503 0.623614900564167 0.541312007329601
0.152884679286326 0.548519024250397 0.692499882056407 0.434103183393685 0.488106279990873 0.557867687889469 0.627637720223416 0.581936256831377
0.129614281537094 0.432630727523123 0.720907779787121 0.416216537769904 0.532353875007519 0.574445418870752 0.608156235879057 0.546123134154265
0.160043256303158 0.744543729953328 0.706844333427319 0.536265004304089 0.426951848642822 0.602613319288221 0.589687002856798 0.663540576810663
0.15450476278463 0.559172522252962 0.711804347595662 0.448478650314528 0.487214701798658 0.541818108939347 0.611172919661831 0.555706860626246
0.139730759440275 0.542386517282615 0.738835950577246 0.436623869763724 0.475146456336149 0.598219524697147 0.665332934838405 0.565307971424757
0.126584878951712 0.434681252592695 0.792357226468528 0.459748718303815 0.55033149888491 0.595742861698542 0.576277808918784 0.500873129313888
0.14888964056648 0.587199799671756 0.71637872440328 0.481883958962214 0.495639159144018 0.604686085885908 0.617643140241695 0.602907213150518
0.163909871000667 0.68878221540349 0.737969300390832 0.536808457550515 0.470989325115702 0.623323402845576 0.617648019888941 0.622572121361923
0.162106076485304 0.690168495485473 0.74851809050227 0.526379236973979 0.460065469462988 0.622689417785142 0.667778126533527 0.602704421602688
0.182989570062063 0.764732713948074 0.741904527537901 0.55541928376461 0.44552588806127 0.609131359561658 0.618069089223534 0.628705384648781
0.211998699706292 0.779446392213354 0.751431735199038 0.55586341116581 0.457567416631121 0.603509798326486 0.573165124941472 0.612089720403145
0.171973036170745 0.829399940168726 0.819850536491156 0.63759067062218 0.384046353219426 0.663218474995605 0.578848108995 0.544402619205634
0.124017991298527 0.349536303195064 0.813564248473301 0.468762002622666 0.605309540420837 0.64768749654461 0.484230024478812 0.4518991904794
0.0826563517151031 0.259433396654193 0.807652060913567 0.421807632128588 0.614594171504402 0.599149126525802 0.524452474103625 0.502355228323564
0.0697183715274103 0.206345826763926 0.779305098691882 0.398857507695515 0.628904670469521 0.603737332525722 0.499010326575822 0.514014953358056
0.149920338043942 0.556250030406208 0.765014097713139 0.484041810032549 0.510041843140329 0.625981817344688 0.601883216943141 0.570406611727693
0.139936324423114 0.483056551714581 0.809998419844165 0.488173476058495 0.551924737652057 0.597293811974786 0.539649780504716 0.526246042324166
0.144352296789978 0.51649493848571 0.766549080978841 0.471970639335625 0.527351871015187 0.621024134751011 0.565482504439576 0.567654763401255
0.138581143214252 0.528930180632321 0.765879785626895 0.456753151980657 0.504113050478421 0.628523090895197 0.612825996856298 0.586866783970401
0.159911493913159 0.601875096045438 0.73337249393686 0.473068926097572 0.491419242356581 0.610274985063413 0.592458661056187 0.627774433902242
0.161391510854877 0.607146763529074 0.7011053047685 0.440562801559359 0.463215521115916 0.576362210129276 0.646475996144553 0.61592455132503
